===== O3濃度分析レポート (20250507_204441) =====

データ期間: 2025-04-04 23:00:00+00:00 〜 2025-05-03 23:00:00+00:00
総データポイント数: 717

===== O3濃度の日ベース分析 =====
全日数: 30日
O3が30を超えた日数: 29日 (96.7%)
O3が50を超えた日数: 28日 (93.3%)

===== 月ごとの詳細分析（日ベース） =====
   月  日数 O3_max    O3_mean 30超過日数 30超過率 50超過日数 50超過率
                                                    
0  4 NaN  81.01  60.383704    0.0   NaN    0.0   NaN
1  5 NaN  68.93  66.936667    0.0   NaN    0.0   NaN

===== O3濃度の統計サマリー =====
最低濃度: 2.5
最高濃度: 81.0
平均濃度: 43.5
中央値: 46.1
標準偏差: 14.8

===== 時間帯別のO3濃度分析 =====
     時       mean    max
0    0  29.210357  54.66
1    1  29.048621  52.46
2    2  36.437931  57.07
3    3  38.013448  56.56
4    4  40.924138  56.15
5    5  44.547931  56.82
6    6  48.487586  61.21
7    7  51.885172  66.62
8    8  54.968966  69.98
9    9  56.774138  81.01
10  10  58.514828  79.50
11  11  57.843103  75.52
12  12  53.347241  70.99
13  13  48.817586  67.96
14  14  45.749286  61.77
15  15  43.054828  63.41
16  16  39.401724  63.32
17  17  40.042414  66.17
18  18  41.819310  64.54
19  19  40.807241  64.54
20  20  39.600000  64.48
21  21  38.225556  60.49
22  22  37.956786  59.68
23  23  35.665893  55.61

O3濃度の最大値が最も多く出現する時間帯: 9.0時
O3濃度の平均値が最も高い時間帯: 10.0時
